6.51144
5.69592
5.04228
4.52463
4.07854
3.81303
3.37227
3.25666
3.21364
3.00422
2.85868
2.80676
2.61924
2.69227
2.61167
2.58963
2.47238
2.50125
2.41012
2.36288
2.29935
2.30261
2.32309
2.23358
2.2263
2.22017
2.18697
2.23372
2.15137
2.17205
2.25362
2.21814
2.16129
2.11416
2.20419
2.12829
2.10735
2.15421
2.1035
2.13035
2.16341
2.07049
2.05862
2.08208
2.09826
2.02151
2.10675
2.04526
2.06335
2.04536
2.09876
2.03973
2.05477
2.03908
2.00939
2.01617
2.03693
2.03235
1.99239
2.02782
2.08232
2.01397
2.03043
2.05052
2.02726
1.99357
1.97693
2.07485
2.04927
1.97561
2.04033
2.07591
1.98372
2.02084
2.03265
2.03607
2.02752
2.02085
2.05058
1.98667
2.01241
2.04318
2.05473
2.09468
1.9898
1.99067
2.00453
1.98827
1.96587
2.00409
1.99202
1.95898
1.96844
1.99235
2.00937
2.00251
2.03363
1.98768
2.02224
2.06135
