-nan
0
0
0
0
0
0
0
0
0
0
0
0
0
0
0
0
0
0
0
0
0
9.71727e-05
0
0
0.000120121
2.37814e-05
7.44773e-05
0.000774167
0.000318861
0.00116957
0.000580366
0.000470398
0.00030595
0.000490166
0.00140405
0.000422994
0.00200053
0.00154243
0.00194135
0.00272316
0.00173888
0.00245149
0.00357579
0.00379673
0.00384761
0.00473283
0.00463406
0.00582431
0.00606721
0.0066615
0.00665807
0.00814126
0.00928436
0.0085544
0.0113284
0.0119657
0.0141003
0.0155484
0.0166563
0.0182909
0.0185831
0.0204101
0.0232895
0.0244919
0.0270967
0.0285041
0.0298401
0.0329288
0.035107
0.0389244
0.0412083
0.0444106
0.0459758
0.0492796
0.0527276
0.0566013
0.0584326
0.0650356
0.0659855
0.0710767
0.0749328
0.0802521
0.0832744
0.0902158
0.0938594
0.0990123
0.102893
0.10934
0.113141
0.116947
0.123597
0.129017
0.131998
0.136329
0.141942
0.146636
0.15202
0.157932
0.162447
0.168047
0.175155
0.179145
0.183894
0.189495
0.192843
0.199757
0.204374
0.209655
0.212773
0.214456
0.217009
0.218989
0.220853
0.224017
0.224182
0.227144
0.227877
0.227437
0.225898
0.228541
0.2264
0.224789
0.222911
0.221004
0.216193
0.21516
0.211436
0.209303
0.204922
0.199789
0.191863
0.185317
0.180552
0.173363
0.167298
0.16215
0.15473
0.148142
0.141172
0.135019
0.128211
0.123339
0.117524
0.110119
0.105042
0.0981461
0.0912156
0.0847555
0.0773085
0.0707636
0.0649044
0.0595375
0.0545572
0.0487983
0.0446122
0.0396264
0.0363824
0.0335538
0.0298824
0.0264416
0.0235116
0.0211344
0.0188737
0.0170057
0.0148687
0.0134169
0.0116577
0.00966322
0.00799513
0.00724797
0.00607752
0.00498589
0.00399906
0.00309101
0.00271115
0.00210944
0.0018084
0.00135658
0.00113066
0.000717883
0.000535829
0.000422186
0.000328422
0.000240784
0.000200479
0.000213049
0.000213146
0.0001302
7.48431e-05
5.41338e-05
8.32246e-05
0.000115433
8.3447e-05
5.24243e-05
1.85195e-05
9.64354e-06
6.54229e-06
2.07731e-05
1.23331e-05
9.26978e-06
2.16153e-07
0
0
0
0
0
0
0
0
0
0
0
0
0
0
0
0
0
0
0
0
0
0
0
0
0
0
0
0
0
0
0
0
0
0
0
0
0
0
0
0
0
0
0
0
0
0
0
0
0
0
0
0
0
0
0
0
0
0
0
0
0
0
0
0
0
0
0
0
0
0
0
0
0
0
0
0
0
0
0
0
0
0
0
0
0
0
0
0
0
0
0
0
0
0
0
0
0
0
0
0
0
0
0
0
0
0
0
0
0
0
0
0
0
0
0
0
0
0
0
0
0
0
0
0
0
0
0
0
0
0
0
0
0
0
0
0
0
0
0
0
0
0
0
0
0
0
0
0
0
0
0
0
0
0
0
0
0
0
0
0
0
0
0
0
0
0
0
0
0
0
0
0
0
0
0
0
0
0
0
0
0
0
0
0
0
0
0
0
0
0
0
0
0
0
0
0
0
0
0
0
0
0
0
0
0
0
0
0
0
0
0
0
0
0
0
0
0
0
0
0
0
0
0
0
0
0
0
0
0
0
0
0
0
0
0
0
0
0
0
0
0
0
0
0
0
0
0
0
0
0
0
0
0
0
0
0
0
0
0
0
0
0
0
0
0
0
0
0
0
0
0
0
0
0
0
0
0
0
0
0
0
0
0
0
0
0
0
0
0
0
0
0
0
0
0
0
0
0
