-nan
0.18333
0.1975
0.173827
0.183299
0.214
0.188287
0.179705
0.201302
0.196468
0.180583
0.190817
0.197319
0.200937
0.168948
0.194457
0.182509
0.185198
0.18287
0.188243
0.194611
0.180297
0.166276
0.180461
0.184597
0.179169
0.182861
0.181264
0.175996
0.178415
0.178068
0.1812
0.18233
0.182683
0.180363
0.177832
0.171676
0.174363
0.173555
0.170664
0.171771
0.172764
0.174687
0.168415
0.172189
0.164458
0.170328
0.169519
0.166434
0.168764
0.163033
0.164504
0.165693
0.1642
0.159326
0.163188
0.164034
0.165879
0.15766
0.158265
0.158012
0.1578
0.155856
0.155481
0.155853
0.153904
0.15326
0.154324
0.151494
0.152295
0.152988
0.148731
0.147687
0.144361
0.146203
0.14514
0.145106
0.144492
0.139674
0.141342
0.140072
0.139683
0.136982
0.138066
0.137691
0.133707
0.135873
0.133384
0.13007
0.129683
0.130407
0.129885
0.127095
0.12548
0.125462
0.123767
0.12297
0.123291
0.120651
0.118471
0.118845
0.115923
0.116337
0.11674
0.114839
0.112909
0.111381
0.110818
0.108826
0.109509
0.107418
0.107323
0.104909
0.105897
0.103658
0.101565
0.100623
0.100594
0.0980805
0.0979139
0.0972764
0.0956016
0.095302
0.094082
0.0923421
0.0917074
0.0901941
0.0890198
0.0892904
0.0865545
0.0870266
0.085361
0.08391
0.0836593
0.081605
0.0818058
0.0801499
0.0784796
0.0778046
0.0773184
0.0757319
0.0751607
0.0746519
0.0731681
0.0718975
0.0718235
0.0713214
0.0693602
0.068259
0.0677751
0.0665083
0.0645472
0.0655258
0.0644357
0.0631542
0.0612835
0.0608226
0.0599994
0.059351
0.0584126
0.0578512
0.0571337
0.056166
0.0555549
0.0542301
0.0535102
0.0533261
0.0522935
0.051767
0.049726
0.0497044
0.0485076
0.0479564
0.0472208
0.0470505
0.0462185
0.0449946
0.0446437
0.0440007
0.0429491
0.0420118
0.0416342
0.0416455
0.0406917
0.0398194
0.0389192
0.0382029
0.0370886
0.0374352
0.0365562
0.035922
0.0353782
0.0351591
0.0340392
0.0336177
0.0328023
0.0324035
0.0320575
0.0312607
0.0308131
0.0303851
0.0297816
0.0294321
0.0287461
0.0282012
0.0279174
0.0271361
0.0264868
0.0265345
0.0257341
0.0251847
0.0246743
0.0243879
0.0239239
0.0233794
0.0232305
0.0226248
0.022345
0.0220787
0.0214316
0.0208599
0.0203992
0.0204181
0.0201976
0.0194542
0.019036
0.0186263
0.0182434
0.017847
0.0178564
0.0173499
0.0172181
0.0163261
0.016601
0.0159043
0.0157605
0.0154116
0.0151306
0.0148594
0.0143288
0.0143162
0.0139791
0.0137618
0.0133328
0.0131095
0.0128996
0.0123701
0.0123204
0.011898
0.0118234
0.0116078
0.0112033
0.0111231
0.0109028
0.0106359
0.0104685
0.0102514
0.01005
0.00961439
0.00972895
0.00926175
0.00923463
0.00890027
0.00885733
0.0087358
0.00845093
0.00824857
0.00813976
0.00800224
0.0076779
0.00750762
0.00742077
0.00729918
0.00718542
0.00694922
0.006876
0.00653848
0.006301
0.00631761
0.00621395
0.00599224
0.00595125
0.00558507
0.00560571
0.00533986
0.00546493
0.0052076
0.00512629
0.00499865
0.00485031
0.00468942
0.00475989
0.00457615
0.00450339
0.00423843
0.00428201
0.00419507
0.00410266
0.00394592
0.0039641
0.00382778
0.00370222
0.00359588
0.00348656
0.00344977
0.00336758
0.00324549
0.00312915
0.003145
0.00295719
0.00286013
0.00283809
0.00284401
0.00268526
0.00263545
0.00253478
0.0025675
0.00246677
0.00233833
0.00242081
0.00226565
0.00221182
0.0021255
0.00202727
0.00204287
0.00195753
0.0019108
0.0018711
0.00185878
0.00188666
0.00171108
0.00180463
0.00168528
0.00172049
0.00159598
0.00160135
0.00150027
0.0015325
0.00141838
0.00141977
0.00140023
0.00134404
0.00131052
0.00129415
0.0011942
0.00121606
0.00118343
0.00111943
0.00107804
0.0010958
0.00104306
0.00102026
0.000967483
0.000952156
0.000967
0.000905486
0.000885151
0.00088227
0.000847352
0.000834383
0.000784594
0.000822776
0.000757867
0.000720685
0.000683186
0.000695628
0.000673293
0.000657317
0.000638714
0.000592273
0.000561176
0.000558094
0.00056403
0.000533538
0.000532237
0.000540523
0.000522523
0.000489246
0.000459619
0.000450815
0.000466586
0.00044376
0.000403425
0.000404541
0.000396145
0.000378366
0.000378385
0.000371201
0.0003706
0.000338721
0.000335543
0.000348165
0.000306856
0.000305818
0.000285622
0.000317203
0.000271869
0.000277973
0.000248591
0.000257536
0.00024908
0.000246561
0.000214258
0.000243675
0.00020673
0.000203035
0.000193543
0.00019318
0.000194637
0.000178509
0.000193354
0.000174457
0.000159701
0.000162056
0.000150042
0.000146982
0.000164911
0.000162124
0.000134768
0.000136531
0.000131015
0.000135017
0.000122648
0.000105085
0.000112841
0.000114356
0.000110054
0.000104055
0.000103872
9.7593e-05
8.34535e-05
9.75268e-05
8.96931e-05
8.94571e-05
8.06245e-05
7.48521e-05
7.08998e-05
7.13903e-05
7.32511e-05
5.69332e-05
6.28874e-05
6.08314e-05
6.27035e-05
6.40909e-05
5.95331e-05
5.30096e-05
6.13045e-05
6.00017e-05
4.77763e-05
5.25378e-05
5.03292e-05
5.25098e-05
4.67169e-05
4.13535e-05
3.73441e-05
3.42551e-05
3.56814e-05
4.18298e-05
3.23909e-05
3.56648e-05
2.73971e-05
2.50171e-05
2.60021e-05
3.63859e-05
2.95588e-05
3.32473e-05
3.59573e-05
3.36382e-05
3.07551e-05
2.3047e-05
2.44329e-05
2.63702e-05
2.15206e-05
1.6364e-05
1.84958e-05
1.8381e-05
1.57416e-05
1.35636e-05
2.15551e-05
1.76758e-05
1.85185e-05
1.58242e-05
1.74326e-05
1.39908e-05
1.59844e-05
1.22105e-05
1.23838e-05
1.30474e-05
1.34139e-05
1.20464e-05
1.6787e-05
1.51978e-05
1.29557e-05
1.28346e-05
1.00395e-05
9.05803e-06
9.52964e-06
1.27751e-05
9.48685e-06
0.000255075
