-nan
0
0
0
0
0
0
0
0
0
0
0
0
0
0
0
0
0
0
0.000179229
0
0
0
0
0
8.00804e-05
0.000368612
0
0.000172037
7.75609e-05
0.000241711
0.00118196
0.000715263
0.000906081
0.0013089
0.00103326
0.00186481
0.00142176
0.00201136
0.00204542
0.00330574
0.00249384
0.00244572
0.00313788
0.00375156
0.00503311
0.00534422
0.00475167
0.00518082
0.00670894
0.00779979
0.00731206
0.0082803
0.00850176
0.0108053
0.0117268
0.0127294
0.0138282
0.014306
0.0172724
0.0186444
0.0190004
0.0202326
0.0235451
0.0244178
0.0265554
0.0276658
0.029815
0.0321763
0.03421
0.0374669
0.0408744
0.0428784
0.0458622
0.0492427
0.0510724
0.0538439
0.0574984
0.0608242
0.0650725
0.0693065
0.071863
0.0747083
0.0780205
0.0861469
0.089025
0.0927348
0.0971103
0.102568
0.108244
0.111784
0.120471
0.123964
0.129402
0.13478
0.138259
0.145331
0.149431
0.154285
0.160912
0.163893
0.168105
0.174228
0.176458
0.182636
0.18949
0.191929
0.200534
0.204599
0.206323
0.212336
0.214432
0.216783
0.216798
0.220166
0.221084
0.222839
0.223612
0.225064
0.225316
0.225779
0.224403
0.22287
0.220172
0.219517
0.212831
0.210673
0.210521
0.205795
0.204643
0.198112
0.192276
0.190034
0.185366
0.177387
0.170968
0.164202
0.157028
0.150246
0.145013
0.140057
0.132261
0.125835
0.117563
0.111197
0.103869
0.0989009
0.0925303
0.0854422
0.0787171
0.0739045
0.0680071
0.0617189
0.0565747
0.0509467
0.0452559
0.0420675
0.0374918
0.0347927
0.0309388
0.0273399
0.0241812
0.0213987
0.0191855
0.0170137
0.0147137
0.01341
0.0117503
0.0101005
0.00865932
0.00744216
0.00654981
0.0055013
0.00435824
0.00358503
0.0029292
0.00226173
0.00186026
0.00144353
0.00106695
0.000978942
0.000841879
0.000711704
0.000555598
0.000402515
0.000292113
0.000248796
0.000178236
0.000151883
0.000154981
0.000184049
0.000200318
0.00010812
5.90689e-05
3.19353e-05
1.86379e-05
1.34019e-06
0
0
0
0
0
0
0
0
0
0
0
0
0
0
0
0
0
0
0
0
0
0
0
0
0
0
0
0
0
0
0
0
0
0
0
0
0
0
0
0
0
0
0
0
0
0
0
0
0
0
0
0
0
0
0
0
0
0
0
0
0
0
0
0
0
0
0
0
0
0
0
0
0
0
0
0
0
0
0
0
0
0
0
0
0
0
0
0
0
0
0
0
0
0
0
0
0
0
0
0
0
0
0
0
0
0
0
0
0
0
0
0
0
0
0
0
0
0
0
0
0
0
0
0
0
0
0
0
0
0
0
0
0
0
0
0
0
0
0
0
0
0
0
0
0
0
0
0
0
0
0
0
0
0
0
0
0
0
0
0
0
0
0
0
0
0
0
0
0
0
0
0
0
0
0
0
0
0
0
0
0
0
0
0
0
0
0
0
0
0
0
0
0
0
0
0
0
0
0
0
0
0
0
0
0
0
0
0
0
0
0
0
0
0
0
0
0
0
0
0
0
0
0
0
0
0
0
0
0
0
0
0
0
0
0
0
0
0
0
0
0
0
0
0
0
0
0
0
0
0
0
0
0
0
0
0
0
0
0
0
0
0
0
0
0
0
0
0
0
0
0
0
0
0
0
0
0
0
0
0
0
0
0
0
0
0
0
0
0
0
0
0
0
0
0
0
0
0
0
0
0
0
0
