-nan
0.208333
0.194444
0.201543
0.198854
0.206667
0.190895
0.214683
0.220616
0.204458
0.226722
0.211387
0.200135
0.211736
0.211961
0.21863
0.215766
0.207199
0.211283
0.228016
0.204972
0.225913
0.209016
0.2092
0.212924
0.21536
0.215134
0.216899
0.201963
0.215395
0.211
0.207877
0.206991
0.202995
0.203624
0.199399
0.206359
0.210983
0.205817
0.205287
0.196365
0.194808
0.200493
0.200448
0.200628
0.204177
0.198685
0.197974
0.195935
0.19281
0.192273
0.192796
0.18865
0.189088
0.187793
0.183359
0.191947
0.186331
0.182445
0.182028
0.184079
0.180539
0.176245
0.177552
0.176604
0.176294
0.171237
0.173029
0.17346
0.168965
0.168578
0.164116
0.166877
0.164988
0.164384
0.163404
0.161391
0.161628
0.15878
0.157376
0.158746
0.156717
0.152467
0.153907
0.153173
0.148412
0.147474
0.147097
0.143959
0.143647
0.143393
0.138834
0.139826
0.139579
0.138541
0.136245
0.13601
0.130683
0.130411
0.130104
0.130559
0.127198
0.126059
0.125327
0.12148
0.122339
0.119734
0.118515
0.117943
0.116226
0.115478
0.114499
0.112055
0.110273
0.110008
0.108278
0.108831
0.105857
0.105173
0.101959
0.102291
0.101324
0.099364
0.0992265
0.0967608
0.0961803
0.0940006
0.0944234
0.0923793
0.0913413
0.0892987
0.0882646
0.0878314
0.0856915
0.0857595
0.0836087
0.0825549
0.0811305
0.0804317
0.0793009
0.079093
0.0775748
0.0755911
0.0749022
0.0739795
0.0727417
0.0708577
0.0701515
0.0690541
0.0688576
0.067407
0.0673837
0.0655846
0.0658239
0.0627653
0.061882
0.0623949
0.0606907
0.0597632
0.0595421
0.0571731
0.0567952
0.0559157
0.0549456
0.0540424
0.0528383
0.0525658
0.0513655
0.050923
0.0499551
0.0491906
0.0475778
0.0466764
0.0467097
0.0456059
0.0450365
0.0442794
0.0436486
0.0433126
0.0422945
0.0419342
0.0412123
0.0402537
0.0395509
0.0389187
0.0381659
0.03764
0.0370932
0.0362244
0.0356445
0.0351793
0.0342634
0.0335892
0.0327804
0.0327694
0.0317563
0.0313856
0.0301695
0.0297255
0.0293655
0.0288036
0.028657
0.0281106
0.0281387
0.0270974
0.0262367
0.0257632
0.0253788
0.0253432
0.0245398
0.0236968
0.0238084
0.022886
0.0223427
0.0224666
0.0216635
0.0212781
0.0207781
0.0207934
0.020143
0.0196103
0.0192694
0.0188916
0.0185879
0.0182123
0.0176057
0.0174637
0.0168315
0.0166088
0.0164812
0.0159748
0.0156494
0.0155504
0.0151655
0.0150502
0.0145065
0.0143378
0.0139553
0.0134287
0.0133345
0.0129333
0.0129217
0.0124424
0.012189
0.0119728
0.0119186
0.0115379
0.0113444
0.0109011
0.0107595
0.0108658
0.0104628
0.0101686
0.00996175
0.0100398
0.00956444
0.00928697
0.00929192
0.00889478
0.00876879
0.00853456
0.00821304
0.00798083
0.00798475
0.00767277
0.0075071
0.00739627
0.00733337
0.00707721
0.00683606
0.0067516
0.00672978
0.00645511
0.00619148
0.00615103
0.00615412
0.00586256
0.00583634
0.0055897
0.00553843
0.00540784
0.00521956
0.00508414
0.00507841
0.00483022
0.00471287
0.00460906
0.00449131
0.00436684
0.00438399
0.00428498
0.00428684
0.00397699
0.00382966
0.00374915
0.00374257
0.00368213
0.00356433
0.00338476
0.00335672
0.00334593
0.00326391
0.0031037
0.00310025
0.00295028
0.00293329
0.00271533
0.00276625
0.00262033
0.00255467
0.00250503
0.00247484
0.00251679
0.00238899
0.00235312
0.00226326
0.00221769
0.0021496
0.00205617
0.00202987
0.00194103
0.00198112
0.00192655
0.00190013
0.00178234
0.00167229
0.00166992
0.00163655
0.00162387
0.00158948
0.0014824
0.00149749
0.00148057
0.00142901
0.00134287
0.00135556
0.00129113
0.00121285
0.00121769
0.00122932
0.00113
0.00111937
0.00110309
0.00106933
0.00105756
0.00102075
0.000987174
0.000933047
0.000929114
0.000905826
0.000872041
0.000867507
0.000818039
0.000778948
0.000801241
0.000792061
0.000747968
0.000745047
0.000690326
0.000658101
0.000638889
0.000657245
0.00063045
0.00056726
0.000586349
0.00055395
0.000544955
0.000546176
0.000538453
0.000508018
0.000504362
0.000470164
0.000432372
0.000431294
0.000421048
0.000419378
0.000416089
0.000388106
0.000334634
0.000368975
0.000344317
0.00035231
0.000354637
0.000333642
0.000330381
0.000299357
0.000321616
0.00028926
0.000286
0.000279446
0.000262145
0.000268364
0.000265297
0.000251485
0.000254863
0.000247574
0.000245174
0.000254321
0.000221042
0.000229933
0.000193854
0.000197933
0.000190228
0.000181863
0.000169356
0.000189876
0.000171551
0.000150502
0.000162664
0.000137593
0.000163461
0.00015206
0.000139442
0.00014735
0.000126299
0.000134756
0.000102086
0.000107492
0.000118536
0.000106025
0.000119189
0.000108468
9.75975e-05
9.31934e-05
8.50441e-05
9.22876e-05
9.34008e-05
0.000108397
9.35611e-05
8.09904e-05
8.61877e-05
6.68571e-05
6.74857e-05
7.2908e-05
6.95934e-05
6.11559e-05
6.13287e-05
6.66339e-05
5.48188e-05
6.01042e-05
5.4379e-05
4.35204e-05
4.79305e-05
4.64687e-05
3.52126e-05
5.48752e-05
4.30947e-05
3.90929e-05
4.53819e-05
3.27104e-05
4.10425e-05
3.75695e-05
3.62749e-05
4.02165e-05
3.94465e-05
3.29134e-05
2.75192e-05
3.44481e-05
2.89876e-05
2.94547e-05
2.07677e-05
3.01016e-05
2.81625e-05
2.87925e-05
2.14692e-05
2.27001e-05
2.08248e-05
2.27226e-05
1.48512e-05
1.93342e-05
2.09874e-05
1.57771e-05
1.99496e-05
1.56688e-05
1.52565e-05
1.79871e-05
1.42827e-05
1.54071e-05
1.17562e-05
1.12108e-05
1.3491e-05
1.08296e-05
1.45869e-05
1.08116e-05
1.07077e-05
1.0451e-05
1.37715e-05
1.34574e-05
1.11744e-05
1.22904e-05
4.46573e-06
5.62282e-06
7.39015e-06
7.42877e-06
5.30432e-06
4.42132e-06
6.16491e-06
7.38839e-06
6.2499e-06
0.0001752
