-nan
0
0
0
0
0
0
0
0
0
0
0
0
0
0
0
0
0
0
0
0
8.91145e-05
1.94345e-05
0
0.000135446
0.000160161
0.000273487
0.000297909
0.000114691
0.000241301
0.000701741
0.000304338
0.000309303
0.000841361
0.000716396
0.00129528
0.000664055
0.00163566
0.00156181
0.00234685
0.00212726
0.00242268
0.00288071
0.00314863
0.00353324
0.00484766
0.00479881
0.00512718
0.00494243
0.00635891
0.00752853
0.00664997
0.0081764
0.00922371
0.0101907
0.00969364
0.0122317
0.0129455
0.0143922
0.013858
0.0159576
0.0174339
0.0180357
0.0186933
0.0211435
0.0233289
0.0244346
0.0270718
0.0277741
0.0293827
0.0326875
0.0341602
0.0366117
0.0388184
0.0432957
0.0426592
0.0467755
0.0485724
0.0527067
0.0567722
0.0585711
0.0634548
0.0676858
0.0730988
0.0746223
0.080104
0.0846457
0.0896518
0.0934113
0.0986647
0.10397
0.107869
0.111282
0.116432
0.123337
0.128074
0.131695
0.136151
0.139407
0.14493
0.149635
0.153354
0.156861
0.162931
0.171822
0.178141
0.185486
0.193787
0.198923
0.206154
0.210712
0.216826
0.218957
0.223651
0.22773
0.22741
0.229232
0.226934
0.228493
0.227495
0.2288
0.228566
0.225973
0.223456
0.220454
0.216049
0.212303
0.209939
0.208761
0.205422
0.20111
0.195427
0.192319
0.183836
0.179815
0.17364
0.167073
0.162964
0.154795
0.149948
0.141408
0.135874
0.128837
0.122068
0.115516
0.107761
0.101862
0.0956842
0.0900061
0.0836042
0.0761648
0.0701769
0.063946
0.0587458
0.0536118
0.048524
0.0442753
0.039428
0.0356295
0.0303597
0.0269757
0.0232989
0.0209607
0.0187607
0.0165743
0.014372
0.0123459
0.0106327
0.00927759
0.00796159
0.00687936
0.00577426
0.00470002
0.00395255
0.00324635
0.00270895
0.0022676
0.00192884
0.00152927
0.00124108
0.00118884
0.00103738
0.000788112
0.00059005
0.000437431
0.000347384
0.000234483
0.000134038
0.000105117
9.00131e-05
5.78749e-05
4.71837e-05
3.73105e-05
3.42941e-05
4.32613e-06
0
0
0
0
0
0
0
0
0
0
0
0
0
0
0
0
0
0
0
0
0
0
0
0
0
0
0
0
0
0
0
0
0
0
0
0
0
0
0
0
0
0
0
0
0
0
0
0
0
0
0
0
0
0
0
0
0
0
0
0
0
0
0
0
0
0
0
0
0
0
0
0
0
0
0
0
0
0
0
0
0
0
0
0
0
0
0
0
0
0
0
0
0
0
0
0
0
0
0
0
0
0
0
0
0
0
0
0
0
0
0
0
0
0
0
0
0
0
0
0
0
0
0
0
0
0
0
0
0
0
0
0
0
0
0
0
0
0
0
0
0
0
0
0
0
0
0
0
0
0
0
0
0
0
0
0
0
0
0
0
0
0
0
0
0
0
0
0
0
0
0
0
0
0
0
0
0
0
0
0
0
0
0
0
0
0
0
0
0
0
0
0
0
0
0
0
0
0
0
0
0
0
0
0
0
0
0
0
0
0
0
0
0
0
0
0
0
0
0
0
0
0
0
0
0
0
0
0
0
0
0
0
0
0
0
0
0
0
0
0
0
0
0
0
0
0
0
0
0
0
0
0
0
0
0
0
0
0
0
0
0
0
0
0
0
0
0
0
0
0
0
0
0
0
0
0
0
0
0
0
0
0
0
0
0
0
0
0
0
0
0
0
0
0
0
0
0
0
0
0
0
0
0
0
0
