-nan
0.244444
0.235556
0.244259
0.24125
0.213222
0.209414
0.225907
0.258203
0.249108
0.235889
0.221763
0.241049
0.243277
0.225822
0.221568
0.225586
0.218051
0.21881
0.220814
0.224868
0.221693
0.220116
0.215942
0.215943
0.217484
0.223829
0.211652
0.21695
0.212505
0.208568
0.216701
0.203581
0.211948
0.2162
0.218209
0.210014
0.212765
0.204815
0.206911
0.207465
0.208809
0.204507
0.206134
0.20076
0.202298
0.204763
0.203116
0.201101
0.19959
0.19659
0.195649
0.195784
0.197735
0.194
0.193455
0.187863
0.187428
0.184924
0.190588
0.183119
0.185929
0.182504
0.18296
0.181325
0.181054
0.178502
0.176887
0.173186
0.174616
0.1732
0.171962
0.169574
0.169068
0.168105
0.163613
0.16467
0.163644
0.162978
0.159466
0.158293
0.157809
0.153693
0.153675
0.153779
0.149839
0.148848
0.145745
0.145951
0.145444
0.145415
0.141636
0.139981
0.139244
0.138811
0.136006
0.135784
0.132211
0.132487
0.131656
0.128774
0.128423
0.127497
0.125173
0.12245
0.121024
0.121608
0.118832
0.118192
0.117988
0.115913
0.114806
0.112363
0.113122
0.108947
0.109379
0.107989
0.106609
0.10468
0.104162
0.102794
0.101438
0.0995902
0.0988181
0.0974939
0.095531
0.0951431
0.0932427
0.0919234
0.0910352
0.090534
0.0881157
0.0869377
0.086741
0.0847318
0.0845995
0.08323
0.0810804
0.0799106
0.0794957
0.0788974
0.077723
0.0755368
0.0747627
0.0743147
0.0743203
0.0719152
0.0698992
0.0685589
0.068238
0.0679002
0.0669986
0.0653378
0.064635
0.062992
0.062247
0.0613163
0.0605109
0.05977
0.0592457
0.0579071
0.0571656
0.0558261
0.054688
0.0541643
0.0529675
0.0515155
0.0516806
0.050936
0.0498931
0.0488728
0.0485215
0.0477395
0.0467058
0.0458066
0.0456306
0.044285
0.0438301
0.0431068
0.0424596
0.041087
0.040633
0.0400554
0.0388628
0.0389282
0.0378249
0.0372513
0.0364911
0.0362626
0.0352403
0.0349071
0.0341982
0.0338249
0.0330263
0.0320561
0.031522
0.0310641
0.0307429
0.0299404
0.0292229
0.028671
0.0281268
0.0284674
0.0272728
0.0264855
0.0262313
0.0262372
0.0251882
0.0246106
0.0241025
0.023708
0.0237195
0.0229533
0.0228233
0.0220908
0.0215605
0.0211673
0.0209117
0.0204841
0.0199673
0.01974
0.019381
0.0194453
0.0184692
0.0179498
0.0177202
0.0175925
0.0169136
0.016632
0.0161953
0.016058
0.0157792
0.015262
0.0147065
0.0146468
0.0145071
0.0140833
0.0138485
0.0137189
0.0131605
0.0128592
0.0127794
0.0124601
0.0119884
0.0117338
0.0116363
0.0113324
0.0110567
0.010783
0.0107442
0.0108021
0.0103099
0.0100856
0.00974811
0.00967417
0.00947311
0.00907029
0.00910086
0.00881341
0.00873513
0.00837829
0.00819718
0.00799973
0.00785158
0.00753124
0.00737696
0.00737036
0.00719279
0.00687703
0.00686266
0.00653837
0.00656759
0.0064835
0.0062324
0.00616009
0.00599063
0.00568056
0.00563053
0.00544126
0.00535154
0.00522658
0.00510255
0.00502717
0.00485925
0.00477914
0.00467901
0.00456423
0.00442979
0.00437491
0.00428372
0.00420293
0.00398017
0.00391953
0.0039331
0.00374972
0.00379198
0.0035699
0.00337292
0.00339793
0.00331484
0.00325293
0.00312874
0.00298089
0.00303087
0.00289551
0.00274553
0.0028566
0.00279841
0.00262267
0.00257911
0.00252379
0.00247798
0.00241991
0.00234836
0.0023385
0.00222824
0.00214965
0.00206435
0.00200623
0.00199334
0.00202336
0.00189054
0.00179863
0.001816
0.00173286
0.00167584
0.00163863
0.00156145
0.00159253
0.00151768
0.00145745
0.00140444
0.00144287
0.00140303
0.0013302
0.00134432
0.00132748
0.00129786
0.0011624
0.00118804
0.00116909
0.00111982
0.0011386
0.00102548
0.000998076
0.000980816
0.000957776
0.000936115
0.000918242
0.000889794
0.000823401
0.000784806
0.000788222
0.000802644
0.000782555
0.000720139
0.000765962
0.000685198
0.000666334
0.000654695
0.000680277
0.000650019
0.000614382
0.000588804
0.000575384
0.000566919
0.000534151
0.000547083
0.000494168
0.000488862
0.000518444
0.000471416
0.000472698
0.000435108
0.000431473
0.000424652
0.000391607
0.000401572
0.000369414
0.00033405
0.000375365
0.00036492
0.000335886
0.00035862
0.000299393
0.000317348
0.000289325
0.000308735
0.000271829
0.000275426
0.00024916
0.00026324
0.000245648
0.00025037
0.0002243
0.000238085
0.000232225
0.000210225
0.00019002
0.000210251
0.000221181
0.00018876
0.00018985
0.000182051
0.000164829
0.000173703
0.000162047
0.000156237
0.000155222
0.000149283
0.000136328
0.000139677
0.000131472
0.000121798
0.000121405
0.000126821
0.000111155
0.00010984
9.9999e-05
0.000103446
0.000102057
9.67296e-05
9.14674e-05
8.32112e-05
8.00379e-05
9.18108e-05
8.57628e-05
9.06481e-05
7.49702e-05
7.08025e-05
7.52659e-05
7.01768e-05
6.69052e-05
6.68928e-05
6.27358e-05
6.876e-05
6.13287e-05
5.08809e-05
5.3342e-05
4.76221e-05
5.61438e-05
5.44755e-05
4.82006e-05
4.90024e-05
4.30752e-05
4.20121e-05
3.94918e-05
3.99131e-05
3.93199e-05
4.29754e-05
3.65158e-05
2.90341e-05
3.3107e-05
3.112e-05
3.33011e-05
3.11691e-05
3.50134e-05
3.1788e-05
2.89081e-05
2.38512e-05
2.58612e-05
2.62588e-05
2.33863e-05
2.09271e-05
2.22175e-05
1.85378e-05
2.18353e-05
2.13343e-05
1.8897e-05
1.57477e-05
1.97425e-05
1.35107e-05
2.32412e-05
1.59667e-05
1.43169e-05
1.20653e-05
1.46014e-05
1.6518e-05
1.16468e-05
1.70826e-05
1.22613e-05
8.87262e-06
1.07967e-05
1.15141e-05
1.03163e-05
1.43243e-05
9.8788e-06
6.81652e-06
8.89984e-06
8.08517e-06
8.01749e-06
9.56341e-06
9.50162e-06
5.07442e-06
5.99866e-06
6.29187e-06
4.17769e-06
8.50171e-06
6.47391e-06
0.000179149
