-nan
0
0
0
0
0
0
0
0
0
0
0
0
0
0
0
0
0
0
0.000179229
0
0
0
0
0.000135446
0.000320322
0
0.000946925
0.000468323
0.000180975
0.000249508
0.000530822
0.000515505
0.000353019
0.000409369
0.00122607
0.00211497
0.000993976
0.00227877
0.00230379
0.00291957
0.00289608
0.00332722
0.00379339
0.00456461
0.00539463
0.0051067
0.00441742
0.00624102
0.00636984
0.00746672
0.00818135
0.00911154
0.00978973
0.00993119
0.0122519
0.0127674
0.0140166
0.0151564
0.015147
0.0164508
0.0180603
0.0225111
0.0220876
0.0239811
0.0254146
0.026248
0.029319
0.0305716
0.0335435
0.0361426
0.0373646
0.0421695
0.0435533
0.046942
0.0494322
0.0536276
0.0572391
0.0588509
0.0626944
0.0679258
0.0717155
0.0749934
0.0798037
0.0839257
0.0882967
0.0930665
0.0958204
0.100803
0.105173
0.111394
0.114338
0.11999
0.127525
0.132673
0.137144
0.144997
0.150207
0.154086
0.160118
0.168617
0.170997
0.174264
0.179957
0.184836
0.189494
0.193961
0.20031
0.202509
0.208543
0.211703
0.216529
0.218878
0.219059
0.223318
0.226437
0.228843
0.228034
0.230739
0.229503
0.228713
0.231073
0.228187
0.222785
0.219066
0.217941
0.213848
0.209389
0.20692
0.203523
0.198457
0.195587
0.18997
0.182974
0.176957
0.169839
0.162786
0.155522
0.147849
0.141577
0.134624
0.129537
0.122205
0.116457
0.108389
0.102554
0.0963373
0.0895585
0.0830196
0.0770495
0.0722607
0.066699
0.0607831
0.0563546
0.0516492
0.0464941
0.0428135
0.0387939
0.0338456
0.030243
0.0274931
0.0243664
0.0224837
0.0197374
0.0180093
0.0162204
0.0134285
0.0115667
0.00995552
0.00862233
0.00745063
0.00633498
0.00542976
0.00475389
0.0039305
0.0034646
0.00273267
0.00206236
0.00154835
0.00119155
0.000919513
0.00077448
0.000614968
0.000438969
0.000370767
0.00036837
0.000239629
0.000129276
7.30372e-05
5.00903e-05
3.51406e-05
2.57795e-05
1.19927e-05
9.64141e-06
6.24886e-06
8.87518e-07
0
0
0
0
0
0
0
0
0
0
0
0
0
0
0
0
0
0
0
0
0
0
0
0
0
0
0
0
0
0
0
0
0
0
0
0
0
0
0
0
0
0
0
0
0
0
0
0
0
0
0
0
0
0
0
0
0
0
0
0
0
0
0
0
0
0
0
0
0
0
0
0
0
0
0
0
0
0
0
0
0
0
0
0
0
0
0
0
0
0
0
0
0
0
0
0
0
0
0
0
0
0
0
0
0
0
0
0
0
0
0
0
0
0
0
0
0
0
0
0
0
0
0
0
0
0
0
0
0
0
0
0
0
0
0
0
0
0
0
0
0
0
0
0
0
0
0
0
0
0
0
0
0
0
0
0
0
0
0
0
0
0
0
0
0
0
0
0
0
0
0
0
0
0
0
0
0
0
0
0
0
0
0
0
0
0
0
0
0
0
0
0
0
0
0
0
0
0
0
0
0
0
0
0
0
0
0
0
0
0
0
0
0
0
0
0
0
0
0
0
0
0
0
0
0
0
0
0
0
0
0
0
0
0
0
0
0
0
0
0
0
0
0
0
0
0
0
0
0
0
0
0
0
0
0
0
0
0
0
0
0
0
0
0
0
0
0
0
0
0
0
0
0
0
0
0
0
0
0
0
0
0
0
0
0
0
0
0
0
0
0
0
0
0
0
0
0
0
0
0
0
0
0
0
