-nan
0.119
0.13225
0.116444
0.131062
0.11032
0.12075
0.109306
0.123688
0.114222
0.12594
0.117744
0.124153
0.126195
0.118061
0.116076
0.119148
0.119197
0.128889
0.118842
0.122162
0.117372
0.122186
0.121696
0.122811
0.118256
0.119355
0.119418
0.1208
0.11986
0.119193
0.118721
0.118445
0.118223
0.115914
0.11586
0.116319
0.116357
0.114081
0.114166
0.114749
0.113655
0.113884
0.112193
0.110074
0.109993
0.11033
0.108741
0.10936
0.10846
0.105969
0.106585
0.105389
0.105087
0.104324
0.104242
0.103139
0.102406
0.101229
0.100823
0.0988106
0.098584
0.097231
0.0979647
0.0969717
0.0961418
0.0949461
0.0941564
0.0925186
0.0929023
0.09107
0.0911323
0.089734
0.0881828
0.0884339
0.0864405
0.086036
0.0841732
0.0840902
0.0842219
0.0822958
0.0826031
0.0810341
0.0801868
0.0787907
0.0788156
0.0774655
0.0761037
0.0758166
0.0746258
0.0739778
0.0729313
0.0710384
0.0699148
0.0694958
0.0686801
0.0687594
0.0667998
0.0672791
0.0654464
0.0641587
0.0633558
0.0630201
0.0623207
0.0606648
0.0598512
0.0598733
0.0587037
0.058084
0.0568067
0.0565779
0.0552182
0.0541746
0.0529485
0.052509
0.0523475
0.0511232
0.050288
0.049574
0.0484479
0.0478195
0.0472837
0.0462405
0.0453645
0.0449054
0.043952
0.043719
0.0421117
0.0419547
0.0412288
0.0405856
0.0395173
0.0387479
0.0384668
0.0374501
0.036745
0.036282
0.0355779
0.034826
0.0341694
0.0337711
0.0332394
0.0324948
0.031706
0.0311307
0.0305941
0.0298966
0.0289298
0.0285719
0.0280577
0.0273212
0.0271142
0.0261568
0.025679
0.0255403
0.0248817
0.0240489
0.0236069
0.0232811
0.0227602
0.0221375
0.0215969
0.021326
0.0206364
0.0204177
0.0199218
0.0195078
0.0190354
0.0184863
0.0181403
0.017735
0.017186
0.0168176
0.0166057
0.0161502
0.0156384
0.0154184
0.0148627
0.0145486
0.0140385
0.0138513
0.0136705
0.0131445
0.012822
0.0126565
0.0124171
0.0118934
0.0118382
0.0113587
0.0111181
0.0108064
0.0103931
0.0103363
0.00997938
0.00963846
0.0094551
0.00918404
0.00879265
0.00874699
0.00849668
0.00822925
0.00791532
0.00783994
0.00759603
0.00736248
0.0072692
0.00692931
0.00663791
0.00660473
0.00634873
0.00626263
0.00606296
0.00593125
0.00573308
0.00560687
0.00536312
0.00523718
0.00508994
0.00489603
0.00470038
0.00463413
0.00445673
0.00434309
0.004184
0.00404733
0.00393505
0.00390665
0.00374046
0.00358653
0.00349761
0.00333607
0.00325672
0.00323934
0.00311319
0.00298243
0.00288284
0.00281354
0.00274116
0.00264653
0.00250561
0.0025024
0.00237813
0.0022721
0.00219848
0.00214307
0.00204578
0.0020252
0.00196102
0.00189578
0.00179223
0.00170512
0.00171173
0.00166712
0.00157319
0.0015192
0.0015447
0.0014352
0.00137018
0.0013242
0.00129728
0.00121951
0.00118036
0.00115493
0.00109266
0.00102654
0.00102135
0.000963
0.000945602
0.000928408
0.000931676
0.000838038
0.000850097
0.000796361
0.000760644
0.000709841
0.000704264
0.000674937
0.000640019
0.00061657
0.000640434
0.000571352
0.000577538
0.000572318
0.000527938
0.000504674
0.000473598
0.000485598
0.000432129
0.000405442
0.000432143
0.000403698
0.000383404
0.000366778
0.000332246
0.000335763
0.000323355
0.000308813
0.000284053
0.000279638
0.000275612
0.0002728
0.000246807
0.00025443
0.000239748
0.000224409
0.000209718
0.000210699
0.000194888
0.000185824
0.000178203
0.000179063
0.000179889
0.000172039
0.000149864
0.000143261
0.000139854
0.000142115
0.000132034
0.000115136
0.000123476
0.000121045
0.000106627
0.000112785
0.000106998
9.62887e-05
9.19195e-05
8.4497e-05
8.41774e-05
7.62474e-05
7.13962e-05
7.24059e-05
7.28909e-05
7.11188e-05
6.86091e-05
5.85984e-05
5.05057e-05
5.86558e-05
4.80501e-05
4.79062e-05
4.67974e-05
4.2526e-05
4.51665e-05
3.82511e-05
3.83344e-05
3.95146e-05
3.47994e-05
3.69374e-05
3.07618e-05
3.54406e-05
3.03692e-05
2.99918e-05
2.66232e-05
2.4753e-05
2.05122e-05
2.35166e-05
2.01706e-05
2.28664e-05
2.14596e-05
1.76259e-05
1.70778e-05
1.95448e-05
1.59529e-05
1.26065e-05
1.37437e-05
1.46721e-05
1.1732e-05
9.58524e-06
1.21539e-05
1.30701e-05
1.36383e-05
1.04675e-05
1.06291e-05
6.38802e-06
6.95038e-06
7.15634e-06
6.94756e-06
7.69579e-06
8.03495e-06
7.34162e-06
6.17512e-06
3.47645e-06
8.17713e-06
6.10592e-06
4.30162e-06
4.02154e-06
4.67532e-06
5.23504e-06
3.43195e-06
3.42093e-06
3.34388e-06
2.6167e-06
3.37517e-06
2.72673e-06
3.25026e-06
1.32701e-06
3.58276e-06
3.60295e-06
3.02013e-06
1.86864e-06
2.90827e-06
2.6e-06
1.24999e-06
1.73263e-06
2.11195e-06
1.3234e-06
1.69486e-06
1.81999e-06
1.45488e-06
9.55161e-07
1.17168e-06
1.29685e-06
1.37342e-06
5.83231e-07
1.64156e-06
7.40974e-07
8.1289e-07
3.29373e-07
7.47603e-07
1.27058e-06
1.08224e-07
4.59184e-07
4.90857e-07
5.61533e-07
4.75049e-07
4.61686e-07
2.98962e-07
3.14091e-07
1.91961e-07
4.20342e-07
8.15036e-08
1.947e-07
1.1251e-06
3.91161e-07
6.40038e-08
7.43273e-08
1.58541e-07
1.31512e-07
1.20438e-07
3.02329e-07
4.56619e-07
5.16529e-08
8.22702e-08
2.50814e-07
0
9.63802e-08
0
0
0
1.69404e-07
0
0
5.89968e-08
0
3.55735e-07
0
1.15928e-07
0
1.24492e-07
1.43018e-08
1.32902e-07
0
0
0
0
0
0
2.02619e-07
0
0
0
0
0
0
0
0
0
0
0
0
0
0
0
0
0
0
0
0
0
0
0
0
0
0
0
0
0
0
0
0
0
