0.952806
0.930341
0.902077
0.88389
0.869383
0.852147
0.834507
0.817626
0.800014
0.789681
0.773732
0.76055
0.753156
0.737237
0.728755
0.713361
0.706531
0.696979
0.688298
0.680363
0.670292
0.662745
0.655262
0.649222
0.64069
0.63489
0.627514
0.622898
0.618166
0.613584
0.607064
0.603644
0.59807
0.593949
0.588731
0.587734
0.582003
0.577882
0.574648
0.572185
0.568435
0.564962
0.562458
0.561395
0.556576
0.555022
0.554263
0.550424
0.548004
0.545883
0.544384
0.542682
0.540241
0.538682
0.537283
0.536042
0.534087
0.532274
0.532143
0.530839
0.530119
0.527237
0.526804
0.525337
0.523992
0.522282
0.522208
0.521878
0.520298
0.519423
0.51887
0.517644
0.517202
0.516866
0.515259
0.515333
0.515769
0.514109
0.513896
0.513697
0.512477
0.512431
0.512482
0.5118
0.510603
0.510203
0.510209
0.509643
0.509187
0.50889
0.508628
0.508383
0.508197
0.50781
0.507321
0.507825
0.507281
0.506646
0.506708
0.506332
0.505786
0.506042
0.506016
0.50587
0.505157
0.504658
0.505083
0.504611
0.505207
0.504208
0.504564
0.504084
0.504142
0.504608
0.504194
0.504059
0.50396
0.504018
0.503418
0.503348
0.503395
0.503522
0.503382
0.503043
0.503606
0.503187
0.502735
0.503112
0.503045
0.502805
0.502967
0.502604
0.502757
0.502717
0.502509
0.502497
0.502248
0.502873
0.502671
0.502227
0.502255
0.502289
0.502361
0.502189
0.502228
0.501857
0.502371
0.502248
0.502086
0.502046
0.501736
0.502027
0.501872
0.502151
0.501995
0.50197
0.501775
0.501538
0.502035
0.501645
0.501703
0.501781
0.501733
0.501935
0.501486
0.501501
0.501963
0.501743
0.501601
0.501952
0.50168
0.501809
0.501767
0.501891
0.501653
0.501928
0.501776
0.501622
0.501888
0.50157
0.501521
0.501488
0.501296
0.501618
0.501575
0.501346
0.501516
0.501612
0.501613
0.501557
0.501419
0.501634
0.501589
0.501573
0.501599
0.501676
0.501542
0.501497
0.501524
0.501485
0.501573
0.501449
0.501189
0.50173
0.501509
0.501565
0.501247
0.501548
0.501458
0.501458
0.501553
0.501333
0.501445
0.501562
0.501448
0.501627
0.501262
0.50137
0.501334
0.501443
0.501473
0.501554
0.501412
0.501551
0.501407
0.501689
0.501399
0.501239
0.501349
0.501428
0.501334
0.501466
0.50144
0.501352
0.501488
0.501634
0.501515
0.501289
0.501488
0.501409
0.50155
0.501374
0.501267
0.501378
0.501285
0.501349
0.501371
0.501504
0.501328
0.501367
0.501573
0.501573
0.501478
0.501488
0.501611
0.5014
0.501238
0.501567
0.501314
0.501128
0.501473
0.501389
0.501431
0.50152
0.501697
0.501406
0.501382
0.50138
0.501389
0.501248
0.501459
0.50137
0.501503
0.501547
0.501343
0.501534
0.501332
0.5014
0.501423
0.501351
0.501224
0.501351
0.501544
0.501572
0.501178
0.501295
0.501378
0.501619
0.501397
0.501336
0.501354
0.501406
0.501472
0.50121
0.501476
0.501349
0.501617
0.501291
0.501339
0.501363
0.5013
0.501472
0.501483
0.501283
0.501434
0.501384
0.501198
0.501602
0.501236
0.501384
0.501571
0.501373
0.501183
0.501131
0.501467
0.501325
0.501263
0.50125
0.501178
0.50147
0.50123
0.501447
0.501279
0.501213
0.501256
0.501363
0.501286
0.501218
0.501174
0.501425
0.501432
0.501388
0.501189
0.501241
0.50145
0.501246
0.50125
0.501226
0.501442
0.50132
0.501406
0.501425
0.50125
0.501148
0.501369
0.501315
0.501286
0.501369
0.501508
0.501269
0.501301
0.501328
0.501303
0.501494
0.501215
0.501537
0.501246
0.501245
0.501314
0.501173
0.501275
0.501363
0.501281
0.501285
0.501263
0.501252
0.501331
0.501302
0.501333
0.501495
0.501344
0.501224
0.501331
0.501392
0.501085
0.501142
0.501199
0.501525
0.501172
0.501414
0.50135
0.501366
0.501417
0.501224
0.501344
0.501052
0.501265
0.501373
0.501232
0.50137
0.501145
0.501112
0.501231
0.501346
0.501128
0.501414
0.501233
0.501282
0.501208
0.501207
0.501205
0.501417
0.500983
0.501198
0.501587
0.501169
0.501212
0.501476
0.501186
0.501271
0.501202
0.501209
0.501177
0.501474
0.501086
0.501164
0.501346
0.501066
0.501359
0.501423
0.501296
0.501063
0.501415
0.501325
0.501497
0.501193
0.501249
0.501201
0.501286
0.50124
0.501436
0.501473
0.501095
0.501238
0.501281
0.501286
0.50124
0.501254
0.501264
0.501292
0.501339
0.501162
0.501139
0.501206
0.50152
0.501223
0.501595
0.501309
0.501032
0.501107
0.501345
0.50128
0.501076
0.501091
0.501376
0.501003
0.501303
0.501349
0.501356
0.501221
0.501344
0.50126
0.501273
0.501087
0.501095
0.501301
0.501108
0.501243
0.501285
0.501381
0.501354
0.501165
0.50146
0.501149
0.501409
0.501394
0.501149
0.501363
0.501116
0.501273
0.501198
0.501369
0.50098
0.50138
0.501089
0.501213
0.501139
0.501012
0.5014
0.501089
0.501178
0.501212
0.501196
0.501102
0.501163
0.500959
0.501096
0.500976
0.501027
0.501323
