6.66975
5.70584
4.93104
4.26106
4.01869
3.77094
3.50426
3.25893
3.22176
2.98789
2.92779
2.77762
2.65952
2.57408
2.55978
2.48904
2.44383
2.51858
2.49375
2.35973
2.35211
2.33772
2.29694
2.25127
2.31278
2.28785
2.22547
2.1665
2.21831
2.11115
2.16346
2.17469
2.18037
2.17741
2.15158
2.17986
2.12257
2.14258
2.15736
2.17327
2.09989
2.08131
2.06415
2.07643
2.03512
2.07006
2.0374
2.10894
2.09647
2.02587
2.05055
2.04955
2.01721
2.12941
2.10158
2.04655
2.06708
2.05972
2.02361
2.02067
2.05352
2.03789
1.97097
2.04133
2.04874
1.9913
2.02705
2.05911
2.00963
1.97629
2.05694
2.00273
2.03954
2.03392
2.06351
2.01672
2.03617
2.06712
2.04831
2.00514
1.98583
2.04553
2.03299
1.98995
1.98476
1.99305
1.99859
2.03325
2.02862
1.96104
2.03655
2.06964
2.02436
2.05161
2.02523
2.05174
1.9931
2.01021
2.01263
2.08558
