1.00504
0.990048
0.976428
0.96422
0.949657
0.937412
0.924508
0.911849
0.900237
0.889803
0.87709
0.867778
0.857551
0.846541
0.836198
0.827237
0.816
0.807742
0.799325
0.789746
0.782084
0.773273
0.765875
0.757308
0.749603
0.742408
0.73604
0.72927
0.721165
0.715504
0.70877
0.703069
0.696796
0.691116
0.685627
0.680248
0.674306
0.66889
0.663724
0.658586
0.654504
0.649657
0.644908
0.640539
0.636883
0.632448
0.62798
0.624465
0.620202
0.616445
0.613169
0.609691
0.606122
0.603092
0.599569
0.596183
0.593774
0.589831
0.587271
0.58532
0.581691
0.579522
0.576735
0.57428
0.571152
0.569624
0.566746
0.564815
0.562255
0.560019
0.557979
0.556107
0.55422
0.552096
0.550824
0.548262
0.546813
0.545081
0.54319
0.541281
0.540135
0.538297
0.537098
0.535244
0.533552
0.53254
0.531411
0.530109
0.528519
0.527423
0.526448
0.525198
0.524261
0.523041
0.521686
0.520638
0.519583
0.518796
0.517812
0.51675
0.516228
0.515118
0.514273
0.513409
0.512631
0.511877
0.510869
0.510326
0.509457
0.508528
0.508206
0.507523
0.506743
0.506284
0.505426
0.505139
0.504035
0.503652
0.503284
0.50263
0.502382
0.501758
0.501028
0.500737
0.500213
0.499728
0.499183
0.498842
0.498182
0.497872
0.497553
0.497122
0.496845
0.496345
0.496012
0.49571
0.495344
0.495012
0.494765
0.494218
0.49396
0.493551
0.49331
0.493252
0.492995
0.49262
0.492407
0.492041
0.491789
0.491626
0.491373
0.491137
0.491047
0.490947
0.490541
0.490431
0.490139
0.489976
0.489834
0.489565
0.489496
0.489372
0.489041
0.488991
0.488763
0.488612
0.488618
0.488534
0.488248
0.488262
0.488029
0.48794
0.487823
0.487693
0.48746
0.487424
0.487353
0.487209
0.487032
0.487138
0.486849
0.486784
0.486628
0.486728
0.486549
0.486512
0.486357
0.486597
0.486321
0.486129
0.486105
0.486041
0.485905
0.485958
0.485909
0.485799
0.485661
0.485611
0.485664
0.485531
0.485506
0.485451
0.485388
0.48539
0.4853
0.485299
0.485191
0.485174
0.485232
0.485158
0.485054
0.485161
0.484947
0.484989
0.484992
0.484858
0.484879
0.484903
0.484901
0.484761
0.484835
0.484731
0.484654
0.484792
0.4847
0.484637
0.484617
0.484654
0.484659
0.484547
0.484613
0.484529
0.484618
0.484441
0.48453
0.48443
0.484386
0.484442
0.484387
0.484321
0.484414
0.484375
0.484373
0.484312
0.484405
0.484364
0.484341
0.484326
0.48433
0.484334
0.484322
0.484309
0.484313
0.484297
0.484245
0.484282
0.48424
0.484259
0.484232
0.484198
0.484191
0.484211
0.484241
0.484265
0.484195
0.484193
0.484281
0.484195
0.484247
0.484218
0.484254
0.484213
0.484194
0.484225
0.484163
0.484244
0.484184
0.484166
0.484124
0.484213
0.484192
0.484163
0.484219
0.484206
0.484193
0.484307
0.484215
0.484208
0.484145
0.484218
0.484156
0.4842
0.484189
0.484226
0.48419
0.48416
0.484185
0.484156
0.484186
0.484165
0.484164
0.484108
0.484113
0.484146
0.484211
0.484171
0.484181
0.484178
0.484237
0.484211
0.48425
0.484173
0.484277
0.484267
0.484189
0.48423
0.484198
0.484186
0.484255
0.484254
0.484244
0.484257
0.484223
0.484275
0.484213
0.484248
0.484241
0.484285
0.484258
0.484223
0.484277
0.484296
0.484318
0.484303
0.484247
0.48428
0.484322
0.484307
0.484296
0.48429
0.484258
0.484306
0.484327
0.484317
0.484317
0.484387
0.484264
0.484235
0.48432
0.484308
0.484317
0.484351
0.484326
0.484274
0.484347
0.484299
0.484355
0.484314
0.484288
0.48433
0.484342
0.484343
0.484324
0.484342
0.48437
0.484361
0.484394
0.48437
0.48433
0.484348
0.484423
0.484349
0.484417
0.484359
0.484322
0.484412
0.484431
0.484328
0.484393
0.484425
0.484393
0.484398
0.48437
0.484415
0.484476
0.484381
0.484422
0.484422
0.484433
0.484436
0.484442
0.484468
0.484416
0.484438
0.484439
0.484455
0.484436
0.484436
0.484386
0.484501
0.484422
0.484476
0.484437
0.484382
0.484508
0.484471
0.484481
0.484471
0.484522
0.484489
0.484479
0.484409
0.484518
0.48451
0.48449
0.484503
0.484446
0.484471
0.484463
0.484514
0.484525
0.484546
0.484527
0.484549
0.484553
0.484464
0.48453
0.4845
0.484444
0.484518
0.484482
0.484468
0.484479
0.484519
0.484526
0.484493
0.484471
0.484488
0.484578
0.484528
0.484574
0.484548
0.484535
0.484609
0.484537
0.484525
0.484539
0.484596
0.48454
0.484581
0.484574
0.484563
0.484515
0.484549
0.484594
0.48456
0.484506
0.484566
0.484537
0.484586
0.484568
0.48465
0.484627
0.484554
0.484577
0.484556
0.484575
0.484606
0.484574
0.484537
0.484639
0.484502
0.484644
0.484566
0.484622
0.484589
0.484604
0.484615
0.484589
0.484614
0.484604
0.484585
0.484565
0.484609
0.48467
0.484617
0.484659
0.484566
0.484597
0.484663
0.484639
0.484662
0.484661
0.484635
0.484628
0.484608
0.484673
0.484639
0.484657
0.484648
