0.949103
0.926506
0.905175
0.89029
0.86285
0.843522
0.828684
0.816404
0.805622
0.781994
0.772663
0.761279
0.748751
0.734453
0.720991
0.714405
0.703421
0.692574
0.686773
0.68081
0.668306
0.661478
0.649201
0.64625
0.638636
0.633167
0.630595
0.623421
0.615769
0.610155
0.606562
0.599256
0.597078
0.59315
0.589074
0.584984
0.580552
0.578623
0.574185
0.569339
0.56782
0.564163
0.559561
0.558014
0.555196
0.555379
0.552059
0.549919
0.548054
0.54491
0.542467
0.541466
0.539368
0.538109
0.537351
0.534291
0.534236
0.532383
0.529803
0.529518
0.529219
0.527301
0.525471
0.524878
0.52376
0.522543
0.522719
0.521969
0.52167
0.519398
0.518093
0.517753
0.516691
0.517119
0.516697
0.514745
0.515189
0.51408
0.515743
0.513752
0.513229
0.512053
0.511412
0.511725
0.511118
0.510964
0.509339
0.510883
0.50927
0.508293
0.509589
0.508274
0.508352
0.507919
0.508142
0.507894
0.507034
0.507601
0.50733
0.507337
0.505779
0.505938
0.505897
0.505646
0.505775
0.50547
0.505527
0.506125
0.506016
0.505379
0.504456
0.50488
0.50438
0.504087
0.504277
0.504176
0.504537
0.503927
0.504417
0.503543
0.503491
0.50341
0.503945
0.503404
0.503701
0.503416
0.503418
0.50318
0.503802
0.503374
0.503235
0.503476
0.502984
0.503028
0.502917
0.502984
0.50281
0.502446
0.503272
0.502824
0.503055
0.502839
0.502922
0.502594
0.502848
0.502928
0.502728
0.502529
0.502684
0.502479
0.502376
0.502553
0.502842
0.502238
0.502406
0.502725
0.502581
0.502615
0.502842
0.502661
0.502574
0.502322
0.502152
0.502565
0.502283
0.502708
0.502409
0.502496
0.50225
0.502405
0.50231
0.502055
0.502349
0.502317
0.502176
0.501996
0.502189
0.502131
0.50231
0.502102
0.502234
0.502247
0.50223
0.502433
0.502012
0.502195
0.502236
0.502012
0.502328
0.502008
0.502241
0.502161
0.502009
0.502026
0.502149
0.50213
0.502283
0.501971
0.502283
0.502318
0.502117
0.502093
0.502347
0.502164
0.502106
0.5023
0.502216
0.501858
0.50222
0.501858
0.502083
0.502436
0.501815
0.502166
0.501827
0.502011
0.502246
0.502026
0.501906
0.502026
0.501949
0.502066
0.501865
0.501931
0.502182
0.502173
0.501727
0.501774
0.502148
0.501835
0.502103
0.501839
0.502382
0.501755
0.501871
0.501948
0.502257
0.502222
0.501769
0.502304
0.501902
0.501808
0.501886
0.502029
0.501692
0.501991
0.501713
0.502268
0.501796
0.501996
0.501888
0.502028
0.50206
0.502258
0.501957
0.502038
0.502029
0.501923
0.502017
0.501956
0.50206
0.501899
0.502234
0.502112
0.502214
0.501802
0.501795
0.501818
0.501764
0.501796
0.501881
0.502202
0.501985
0.501888
0.502083
0.501867
0.501762
0.502003
0.502054
0.502009
0.501916
0.502062
0.501848
0.501916
0.502392
0.502029
0.501841
0.501908
0.502231
0.501763
0.501579
0.502139
0.501794
0.501874
0.50229
0.502054
0.501845
0.502086
0.502263
0.501983
0.501718
0.501854
0.502111
0.501649
0.502122
0.502113
0.502049
0.501733
0.501792
0.50196
0.502182
0.501922
0.502095
0.501919
0.50221
0.502056
0.502094
0.501866
0.501867
0.50198
0.501947
0.501971
0.50189
0.501684
0.501737
0.50179
0.502048
0.502043
0.502102
0.50165
0.501785
0.502051
0.501928
0.502072
0.501865
0.502142
0.501937
0.502028
0.501972
0.50182
0.501953
0.501573
0.501941
0.502027
0.501642
0.501759
0.501856
0.502022
0.501958
0.501805
0.501974
0.501889
0.501764
0.501522
0.501904
0.502165
0.501849
0.501905
0.501805
0.501897
0.502221
0.501817
0.502088
0.501936
0.501812
0.501894
0.501848
0.501664
0.501896
0.501847
0.50175
0.501976
0.501542
0.50225
0.501653
0.501931
0.501707
0.50177
0.501486
0.501872
0.501724
0.501852
0.501913
0.501771
0.502042
0.501655
0.501724
0.501856
0.501723
0.501906
0.502064
0.502066
0.501744
0.501897
0.501719
0.501702
0.501873
0.501556
0.50174
0.501983
0.501698
0.501597
0.501768
0.501938
0.501678
0.501612
0.501865
0.50185
0.501987
0.501681
0.501546
0.501761
0.502116
0.502189
0.501865
0.501949
0.501923
0.501636
0.501596
0.502017
0.501842
0.501495
0.501748
0.501711
0.501692
0.50181
0.501792
0.501485
0.501746
0.502131
0.501609
0.501841
0.501726
0.501556
0.501829
0.501728
0.501866
0.501713
0.501705
0.501701
0.501813
0.501883
0.501619
0.501893
0.501745
0.501709
0.501424
0.50198
0.501726
0.501719
0.501949
0.501906
0.501751
0.501855
0.501305
0.501445
0.50171
0.501742
0.501555
0.501707
0.501841
0.501833
0.501629
0.501902
0.501623
0.501815
0.501739
0.501971
0.501798
0.501626
0.501679
0.501811
0.501574
0.501613
0.501527
0.501738
0.501627
0.501802
0.50148
0.501742
0.501789
0.501572
0.501797
0.501922
0.501523
0.501546
0.501715
0.501563
0.501706
0.502011
0.501638
0.501624
0.501835
0.50182
0.501653
0.501496
0.501571
0.501879
0.50155
0.501731
