-nan
0
0
0
0
0
0
0
0
0
0
0
0
0.00721791
0
0.000595497
0
0.000413484
0.00104961
0.00567557
0.00179923
0.000445573
0
0.000852811
0.00075248
0.00160161
0.0016647
0.00191513
0.00105134
0.0040504
0.00210522
0.0026895
0.00257752
0.00405971
0.00436301
0.00444945
0.00418446
0.00448757
0.00441803
0.00513148
0.0048604
0.00600255
0.00576142
0.00631337
0.00511919
0.00615054
0.00670777
0.00817048
0.0068031
0.00659955
0.0082582
0.00725216
0.00767063
0.00918328
0.00820884
0.0095061
0.0100889
0.0103624
0.010867
0.0117662
0.0104434
0.0120808
0.0118904
0.0127017
0.0134711
0.0134299
0.0144719
0.0142407
0.0144652
0.0149824
0.0150352
0.0152115
0.0154376
0.0162859
0.016537
0.0175837
0.0178512
0.0184656
0.0183309
0.018343
0.0191256
0.0200719
0.0205082
0.0217206
0.020625
0.0216924
0.0224311
0.022829
0.0228292
0.0232843
0.0235022
0.0235451
0.0243985
0.0250033
0.0250351
0.0260386
0.0259213
0.0263721
0.0269788
0.0280676
0.0282027
0.0285971
0.028419
0.0289749
0.0293424
0.0297734
0.0305182
0.0304592
0.0311892
0.0313056
0.0314382
0.0316635
0.0321494
0.0319799
0.0319312
0.0326054
0.0324803
0.0330371
0.0323831
0.0333412
0.033295
0.0320914
0.0328643
0.0331357
0.0332703
0.03314
0.0324924
0.032522
0.0327636
0.0320674
0.0327074
0.0311707
0.0310613
0.0303016
0.0306265
0.0302884
0.0288888
0.0286746
0.0280346
0.0273204
0.0268735
0.0258607
0.0251741
0.0246799
0.0236457
0.0228522
0.0222869
0.0215831
0.0203245
0.0198003
0.0191164
0.0180773
0.0169155
0.0160584
0.0154939
0.0142738
0.0133814
0.0129652
0.0117709
0.0109909
0.0101269
0.0093433
0.0086464
0.00819234
0.00723191
0.00659104
0.00606495
0.00550587
0.00485441
0.00442129
0.00369994
0.00345942
0.00291512
0.0025793
0.00231181
0.00198339
0.00174483
0.00146964
0.00120488
0.00103656
0.000810429
0.000743868
0.000661518
0.000550947
0.00042307
0.000372976
0.000284202
0.000236084
0.00017723
0.000165993
0.00012886
8.87645e-05
6.53863e-05
5.76654e-05
2.76392e-05
3.10631e-05
3.37961e-05
1.40602e-05
1.07398e-05
7.51676e-06
8.22761e-07
3.78267e-06
7.98623e-07
1.83612e-06
7.7542e-07
1.27359e-06
0
7.4227e-07
2.4388e-07
2.40405e-07
4.73989e-07
7.00947e-07
0
2.27144e-07
0
4.41756e-07
0
0
0
0
0
0
0
0
0
0
0
0
0
0
0
0
0
0
0
0
0
0
0
0
0
0
0
0
0
0
0
0
0
0
0
0
0
0
0
0
0
0
0
0
0
0
0
0
0
0
0
0
0
0
0
0
0
0
0
0
0
0
0
0
0
0
0
0
0
0
0
0
0
0
0
0
0
0
0
0
0
0
0
0
0
0
0
0
0
0
0
0
0
0
0
0
0
0
0
0
0
0
0
0
0
0
0
0
0
0
0
0
0
0
0
0
0
0
0
0
0
0
0
0
0
0
0
0
0
0
0
0
0
0
0
0
0
0
0
0
0
0
0
0
0
0
0
0
0
0
0
0
0
0
0
0
0
0
0
0
0
0
0
0
0
0
0
0
0
0
0
0
0
0
0
0
0
0
0
0
0
0
0
0
0
0
0
0
0
0
0
0
0
0
0
0
0
0
0
0
0
0
0
0
0
0
0
0
0
0
0
0
0
0
0
0
0
0
0
0
0
0
0
0
0
0
0
0
0
0
0
0
0
0
0
0
0
0
0
0
0
0
0
0
0
0
0
0
0
0
0
0
0
0
0
0
0
0
0
0
0
0
0
0
0
0
0
0
0
0
0
0
0
0
0
0
0
0
0
0
0
0
0
0
