-nan
0
0
0
0
0
0.00818698
0.00531367
0.010907
0.0390086
0.0653535
0.0482447
0.0466203
0.0721791
0.0851306
0.099448
0.0962153
0.122391
0.10986
0.156526
0.153706
0.185135
0.183268
0.223266
0.222734
0.272407
0.27099
0.291419
0.320562
0.337735
0.365685
0.385306
0.41395
0.414326
0.459032
0.499179
0.525331
0.548113
0.580311
0.614773
0.635847
0.663962
0.704536
0.714405
0.771642
0.796072
0.836338
0.862274
0.908864
0.939853
0.979069
1.01054
1.05065
1.09008
1.14207
1.18212
1.2156
1.26841
1.30488
1.36423
1.40937
1.45038
1.49031
1.53288
1.57606
1.63061
1.67307
1.72807
1.7782
1.8256
1.86849
1.91907
1.98046
2.0336
2.08582
2.13547
2.18822
2.23875
2.29472
2.3487
2.40102
2.4518
2.48962
2.55605
2.61218
2.66888
2.71544
2.75852
2.81724
2.86961
2.91589
2.9683
3.01051
3.06117
3.10314
3.15024
3.20181
3.22812
3.27239
3.31422
3.35937
3.37989
3.42988
3.46443
3.48163
3.51318
3.55399
3.57032
3.58203
3.60431
3.61573
3.62106
3.63015
3.647
3.65242
3.64871
3.64032
3.63847
3.62256
3.60764
3.58519
3.57393
3.54439
3.51002
3.48296
3.44705
3.4079
3.35601
3.31748
3.26717
3.21054
3.15264
3.08719
3.02342
2.95146
2.88488
2.81149
2.73363
2.65292
2.57668
2.48898
2.40655
2.31485
2.23305
2.14336
2.05755
1.96765
1.87774
1.78873
1.70061
1.61077
1.52811
1.442
1.35734
1.27494
1.19219
1.11252
1.03832
0.963364
0.895124
0.825681
0.759496
0.698602
0.638681
0.582832
0.53085
0.481102
0.435267
0.391286
0.351986
0.313947
0.281095
0.248386
0.220194
0.192868
0.168641
0.146862
0.128316
0.110161
0.0955828
0.081877
0.0688591
0.0585365
0.0492983
0.041343
0.0347844
0.0287545
0.0239461
0.0192369
0.0157297
0.0126794
0.0103653
0.00829662
0.00647439
0.00510904
0.00407341
0.00313284
0.00254948
0.00193035
0.00143487
0.00118121
0.000848129
0.000612011
0.000450373
0.000343511
0.000268473
0.000183256
0.000119753
9.31623e-05
5.0485e-05
4.574e-05
3.01407e-05
1.84293e-05
1.13572e-05
6.49547e-06
1.76703e-06
4.57446e-06
2.57809e-06
8.47618e-07
0
0
0
0
0
0
0
0
0
0
0
0
0
0
0
0
0
0
0
0
0
0
0
0
0
0
0
0
0
0
0
0
0
0
0
0
0
0
0
0
0
0
0
0
0
0
0
0
0
0
0
0
0
0
0
0
0
0
0
0
0
0
0
0
0
0
0
0
0
0
0
0
0
0
0
0
0
0
0
0
0
0
0
0
0
0
0
0
0
0
0
0
0
0
0
0
0
0
0
0
0
0
0
0
0
0
0
0
0
0
0
0
0
0
0
0
0
0
0
0
0
0
0
0
0
0
0
0
0
0
0
0
0
0
0
0
0
0
0
0
0
0
0
0
0
0
0
0
0
0
0
0
0
0
0
0
0
0
0
0
0
0
0
0
0
0
0
0
0
0
0
0
0
0
0
0
0
0
0
0
0
0
0
0
0
0
0
0
0
0
0
0
0
0
0
0
0
0
0
0
0
0
0
0
0
0
0
0
0
0
0
0
0
0
0
0
0
0
0
0
0
0
0
0
0
0
0
0
0
0
0
0
0
0
0
0
0
0
0
0
0
0
0
0
0
0
0
0
0
0
0
0
0
0
0
0
0
0
0
0
0
0
0
0
0
0
0
0
0
0
0
0
0
0
0
0
0
0
0
0
0
