-nan
0
0
0
0
0.0272899
0.0491219
0.047823
0.0508993
0.036408
0.07112
0.0409349
0.0659507
0.079397
0.0756717
0.118504
0.101643
0.112881
0.125604
0.153539
0.171441
0.184021
0.215723
0.232988
0.263067
0.27561
0.296792
0.313762
0.352294
0.369707
0.388687
0.411493
0.450358
0.491402
0.499753
0.552127
0.580684
0.612491
0.6286
0.66354
0.701163
0.740015
0.782315
0.801476
0.849459
0.891312
0.925057
0.967335
1.00647
1.05695
1.07877
1.13168
1.17932
1.22275
1.26136
1.30519
1.35349
1.4046
1.46241
1.48964
1.55337
1.60168
1.6462
1.70819
1.75482
1.81804
1.85982
1.92194
1.97037
2.01642
2.07933
2.13907
2.19243
2.24568
2.30588
2.36583
2.43084
2.46813
2.5313
2.59878
2.6454
2.70822
2.76334
2.83105
2.88442
2.93648
2.98491
3.0288
3.08603
3.15458
3.19696
3.24346
3.29585
3.35423
3.39242
3.4466
3.49029
3.5346
3.56905
3.6164
3.65315
3.68076
3.70877
3.75013
3.76879
3.79012
3.82753
3.83663
3.86267
3.87237
3.88333
3.89158
3.89446
3.89211
3.88322
3.88415
3.85962
3.84857
3.8306
3.80209
3.78105
3.74034
3.70103
3.6681
3.62014
3.5683
3.51296
3.46084
3.40207
3.3379
3.26481
3.19713
3.12246
3.0423
2.96511
2.87595
2.7947
2.70854
2.61672
2.52303
2.429
2.33564
2.2375
2.14498
2.0509
1.95771
1.85741
1.76451
1.66856
1.57646
1.48503
1.399
1.31051
1.22376
1.14165
1.06228
0.987176
0.913866
0.841193
0.773306
0.70981
0.648201
0.591409
0.534743
0.485433
0.437611
0.391963
0.352788
0.314673
0.27942
0.248093
0.218206
0.192644
0.167937
0.146092
0.126397
0.109756
0.0940221
0.0811116
0.0691938
0.0593094
0.0492834
0.0419156
0.0350016
0.0290546
0.0237874
0.0197898
0.0163595
0.0131685
0.0107061
0.00861569
0.00696361
0.00555102
0.0043606
0.00354202
0.00281698
0.00214372
0.00158019
0.00122999
0.00092317
0.000725127
0.000517956
0.000411291
0.000311615
0.000235986
0.000193076
0.000128028
8.09075e-05
5.17026e-05
2.62041e-05
2.93873e-05
2.03275e-05
1.26701e-05
9.3129e-06
4.47964e-06
5.96371e-06
2.39615e-06
1.28904e-06
8.47618e-07
2.09021e-07
0
0
0
0
0
1.92777e-07
1.52188e-06
1.87737e-07
0
0
0
0
0
0
0
0
0
0
0
0
0
0
0
0
0
0
0
0
0
0
0
0
0
0
0
0
0
0
0
0
0
0
0
0
0
0
0
0
0
0
0
0
0
0
0
0
0
0
0
0
0
0
0
0
0
0
0
0
0
0
0
0
0
0
0
0
0
0
0
0
0
0
0
0
0
0
0
0
0
0
0
0
0
0
0
0
0
0
0
0
0
0
0
0
0
0
0
0
0
0
0
0
0
0
0
0
0
0
0
0
0
0
0
0
0
0
0
0
0
0
0
0
0
0
0
0
0
0
0
0
0
0
0
0
0
0
0
0
0
0
0
0
0
0
0
0
0
0
0
0
0
0
0
0
0
0
0
0
0
0
0
0
0
0
0
0
0
0
0
0
0
0
0
0
0
0
0
0
0
0
0
0
0
0
0
0
0
0
0
0
0
0
0
0
0
0
0
0
0
0
0
0
0
0
0
0
0
0
0
0
0
0
0
0
0
0
0
0
0
0
0
0
0
0
0
0
0
0
0
0
0
0
0
0
0
0
0
0
0
0
0
0
0
0
0
0
0
0
0
0
0
0
0
0
0
0
0
0
0
0
0
0
0
0
0
0
0
0
0
0
